0.01625458709221987 0.003338494505494505
0.016270450844047202 0.0029978351648351645
0.01629883217440122 0.0024703626373626373
0.01632104365033045 0.0019923406593406593
0.016339775550701197 0.0017340989010989011
0.01636762327202388 0.0014703626373626373
0.016373815360158306 0.0014099230769230768
0.01639512637084716 0.001376956043956044
0.016416103875891434 0.0015088241758241757
0.016437470470854386 0.0014483846153846153
0.016455524243081148 0.0015253076923076921
0.016476835253770004 0.0014923406593406593
0.016494900142851585 0.0015637692307692308
0.016543514148976972 0.0015362967032967034
0.016562134880799526 0.001333
0.016598887202832577 0.001168164835164835
0.016614017242241826 0.001190142857142857
0.016632460104387268 0.0010747582417582418
0.016686799290744663 0.0012176153846153847
0.016738036874607436 0.0013934395604395604
0.01678338252541591 0.0014813516483516485
0.016786206206540047 0.0015857472527472528
0.016822558321799595 0.0016187142857142858
0.01687082770542558 0.0017615714285714287
0.016888837010233065 0.0018604725274725274
0.01692238767807812 0.001778054945054945
0.016977416109434318 0.0015802527472527472
0.01698645411240252 0.0016132197802197802
0.01701982691057046 0.0016187142857142858
0.01703179976321099 0.001701131868131868
0.017068507617824764 0.0015582747252747252
0.0170989010989011 0.0015362967032967034
0.017126470898853295 0.0014099230769230768
0.017153962880821758 0.0013220109890109892
0.01717239462611238 0.001212120879120879
0.017193594468253044 0.001234098901098901
0.01726356395248656 0.0011516813186813186
0.017281962347212725 0.0010582747252747254
0.017300071703713584 0.0011077252747252746
0.01731201120578966 0.001206626373626374
0.017336423818973136 0.0011406923076923078
0.017354555409183632 0.0011791538461538463
0.01737288710278088 0.0011187142857142858
0.01738801714219013 0.0011406923076923078
0.01742698171833225 0.0013824505494505492
0.017468158548583433 0.0020308021978021978
0.01752088579099201 0.0029703626373626373
0.017526199647595702 0.003343989010989011