0.01 6.067737698784809e-06
0.01000147022286431 6.309573444801943e-06
0.010005425570610276 7.079457843841373e-06
0.010009141862316351 7.943282347242822e-06
0.010012614782928824 8.91250938133746e-06
0.010015840332813084 9.999999999999999e-06
0.010018816054308086 1.1220184543019652e-05
0.010021541820113633 1.2589254117941661e-05
0.010024019917612521 1.4125375446227555e-05
0.010026254808984524 1.584893192461114e-05
0.010028252961557283 1.778279410038923e-05
0.01003002223811262 1.9952623149688827e-05
0.010031569357031487 2.238721138568338e-05
0.010032894152359747 2.5118864315095822e-05
0.01003398091567384 2.818382931264455e-05
0.010034788628349813 3.1622776601683795e-05
0.010035242318781121 3.54813389233576e-05
0.01003522719895614 3.9810717055349695e-05
0.010034585580435908 4.466835921509635e-05
0.010033113704551537 5.011872336272725e-05
0.010030553420389231 5.623413251903491e-05
0.010026574271270117 6.309573444801943e-05
0.010020742889632341 7.079457843841373e-05
0.010012474240564024 7.943282347242822e-05
0.010000952024870243 8.912509381337459e-05
0.01 8.97903631120809e-05
0.01259 5.565140432171379e-06
0.01259048811412276 5.623413251903491e-06
0.01259533358269653 6.309573444801943e-06
0.012599860434944071 7.079457843841373e-06
0.01260405737540725 7.943282347242822e-06
0.012607914019102827 8.91250938133746e-06
0.012611424821504305 1e-05
0.012614592660079764 1.1220184543019654e-05
0.012617429950072222 1.258925411794166e-05
0.012619956177947436 1.4125375446227555e-05
0.012622192156457606 1.584893192461114e-05
0.012624152146444625 1.778279410038923e-05
0.012625835132187457 1.995262314968883e-05
0.012627216073387891 2.238721138568338e-05
0.012628237157553332 2.5118864315095822e-05
0.01262879912145714 2.818382931264455e-05
0.012628753744577975 3.1622776601683795e-05
0.012627898344964172 3.54813389233576e-05
0.012625970330170488 3.98107170553497e-05
0.012622636824106862 4.466835921509635e-05
0.012617472670332058 5.011872336272725e-05
0.012609919088679592 5.623413251903491e-05
0.012599213987211344 6.309573444801943e-05
0.01259 6.788218176373252e-05
0.012581400278602743 6.309573444801943e-05
0.012571408850565716 5.623413251903491e-05
0.012564358841023412 5.011872336272725e-05
0.01255953896416693 4.466835921509635e-05
0.012556427691840878 3.98107170553497e-05
0.012554628211366773 3.54813389233576e-05
0.012553829838393891 3.1622776601683795e-05
0.012553787486640005 2.818382931264455e-05
0.012554311986283557 2.5118864315095822e-05
0.012555264998171304 2.238721138568338e-05
0.012556553876625041 1.995262314968883e-05
0.012558124663318349 1.778279410038923e-05
0.012559953987306234 1.584893192461114e-05
0.012562040900582395 1.4125375446227555e-05
0.012564398713265926 1.258925411794166e-05
0.012567046850592222 1.1220184543019654e-05
0.012570003499929316 1e-05
0.012573280248837365 8.91250938133746e-06
0.012576879782953234 7.943282347242822e-06
0.012580796927385535 7.079457843841373e-06
0.01258502198948324 6.309573444801943e-06
0.01258954442681876 5.623413251903491e-06
0.01259 5.565140432171379e-06
0.01413 5.536124707413311e-06
0.014130767290880308 5.623413251903491e-06
0.014135827556847759 6.309573444801943e-06
0.014140534795032713 7.079457843841373e-06
0.014144885324141382 7.943282347242822e-06
0.014148879956859307 8.91250938133746e-06
0.014152523187718383 1e-05
0.014155822153147628 1.1220184543019652e-05
0.01415878588012174 1.2589254117941661e-05
0.01416142341467567 1.4125375446227555e-05
0.014163738792835145 1.584893192461114e-05
0.014165722696151673 1.778279410038923e-05
0.014167342898046357 1.995262314968883e-05
0.014168535219918257 2.238721138568338e-05
0.014169194334534764 2.5118864315095822e-05
0.014169163570808212 2.818382931264455e-05
0.014168225100743084 3.1622776601683795e-05
0.014166091524378435 3.548133892335761e-05
0.014162395401752 3.9810717055349695e-05
0.014156668525390654 4.466835921509635e-05
0.014148300333697477 5.0118723362727245e-05
0.014136463262193649 5.623413251903491e-05
0.01413 5.895852448675765e-05
0.014123848220321708 5.623413251903491e-05
0.014112581610095173 5.0118723362727245e-05
0.014104616704748656 4.466835921509635e-05
0.014099165822428818 3.9810717055349695e-05
0.014095647826194022 3.548133892335761e-05
0.014093617072786703 3.1622776601683795e-05
0.014092723830194595 2.818382931264455e-05
0.01409269454905727 2.5118864315095822e-05
0.014093321899113949 2.238721138568338e-05
0.014094456759690819 1.995262314968883e-05
0.01409599887956648 1.778279410038923e-05
0.014097887173084623 1.584893192461114e-05
0.014100090966754485 1.4125375446227555e-05
0.014102601391209429 1.2589254117941661e-05
0.014105422287967921 1.1220184543019652e-05
0.01410856226711142 1e-05
0.014112029920579696 8.91250938133746e-06
0.01411583204087748 7.943282347242822e-06
0.014119972905932717 7.079457843841373e-06
0.014124453289265386 6.309573444801943e-06
0.014129269686993441 5.623413251903491e-06
0.01413 5.536124707413311e-06
0.015850000000000003 5.450151813949609e-06
0.015851639868921266 5.623413251903491e-06
0.015857068514351577 6.309573444801944e-06
0.015862103049169813 7.079457843841373e-06
0.015866736578674226 7.943282347242822e-06
0.015870966289933702 8.912509381337458e-06
0.015874794517370526 1.0000000000000003e-05
0.015878227865739395 1.1220184543019652e-05
0.015881274211985503 1.2589254117941661e-05
0.015883938157056725 1.4125375446227553e-05
0.01588621438031187 1.584893192461114e-05
0.015888076196529766 1.778279410038923e-05
0.015889457822240334 1.9952623149688834e-05
0.015890234811723226 2.238721138568338e-05
0.015890211061997103 2.5118864315095822e-05
0.015889115674084246 2.818382931264455e-05
0.015886602786855844 3.1622776601683795e-05
0.01588224212092663 3.54813389233576e-05
0.015875489838654482 3.9810717055349695e-05
0.015865633036262795 4.466835921509635e-05
0.015851700530491366 5.0118723362727245e-05
0.01585 5.0665506694336e-05
0.015848389923258172 5.0118723362727245e-05
0.01583519850821927 4.466835921509635e-05
0.015825866003827137 3.9810717055349695e-05
0.015819472885505635 3.54813389233576e-05
0.015815344169891804 3.1622776601683795e-05
0.015812964946877683 2.818382931264455e-05
0.015811927824279336 2.5118864315095822e-05
0.015811905337836517 2.238721138568338e-05
0.015812640998091595 1.9952623149688834e-05
0.015813949133072883 1.778279410038923e-05
0.015815711916513226 1.584893192461114e-05
0.01581786706406331 1.4125375446227553e-05
0.015820389309928618 1.2589254117941661e-05
0.015823273616480782 1.1220184543019652e-05
0.015826524339936417 1.0000000000000003e-05
0.015830148938254258 8.912509381337458e-06
0.015834153664872272 7.943282347242822e-06
0.015838540730041345 7.079457843841373e-06
0.015843307470454357 6.309573444801944e-06
0.015848447358149012 5.623413251903491e-06
0.015850000000000003 5.450151813949609e-06
0.01778 5.254530632477466e-06
0.017783703245347154 5.623413251903492e-06
0.017789396735908364 6.309573444801943e-06
0.017794619801178548 7.079457843841373e-06
0.017799362567184257 7.943282347242822e-06
0.017803619006740243 8.91250938133746e-06
0.017807391776574324 9.999999999999999e-06
0.017810695611540965 1.1220184543019652e-05
0.01781355418455398 1.2589254117941661e-05
0.017815986002025462 1.4125375446227555e-05
0.017817979601840825 1.584893192461114e-05
0.01781946588332055 1.778279410038923e-05
0.017820299444581196 1.995262314968883e-05
0.017820254376123137 2.238721138568338e-05
0.017819027578089116 2.511886431509582e-05
0.017816236873759352 2.8183829312644552e-05
0.017811405110305226 3.1622776601683795e-05
0.017803925664618914 3.54813389233576e-05
0.01779300224312901 3.9810717055349695e-05
0.01778 4.3907592255433605e-05
0.01776785639556819 3.9810717055349695e-05
0.017757654332101205 3.54813389233576e-05
0.017750668812073427 3.1622776601683795e-05
0.017746156127337966 2.8183829312644552e-05
0.01774354971480356 2.511886431509582e-05
0.017742403931734055 2.238721138568338e-05
0.017742361839494923 1.995262314968883e-05
0.017743140354257222 1.778279410038923e-05
0.017744528485073192 1.584893192461114e-05
0.017746390432070557 1.4125375446227555e-05
0.01774866165782223 1.2589254117941661e-05
0.017751331457145702 1.1220184543019652e-05
0.01775441711433153 9.999999999999999e-06
0.017757940738987885 8.91250938133746e-06
0.017761916092912815 7.943282347242822e-06
0.01776634565738985 7.079457843841373e-06
0.017771223803255395 6.309573444801943e-06
0.017776541308590868 5.623413251903492e-06
0.01778 5.254530632477466e-06
0.01995 5.20167667986486e-06
0.01995436536301442 5.623413251903491e-06
0.01996019240819953 6.309573444801943e-06
0.01996550748327405 7.079457843841373e-06
0.01997032246864117 7.943282347242822e-06
0.019974661395704238 8.91250938133746e-06
0.019978555523893674 9.999999999999999e-06
0.019982028990918412 1.1220184543019652e-05
0.019985076593387684 1.258925411794166e-05
0.019987641955899114 1.4125375446227555e-05
0.019989605133615678 1.584893192461114e-05
0.019990779281185304 1.778279410038923e-05
0.019990907540301327 1.9952623149688827e-05
0.019989654131664984 2.238721138568338e-05
0.019986590154781 2.511886431509582e-05
0.0199811725261622 2.818382931264455e-05
0.019972706894510982 3.1622776601683795e-05
0.01996028180193264 3.54813389233576e-05
0.01995 3.8023035796136114e-05
0.019940328135470146 3.54813389233576e-05
0.019928640124654923 3.1622776601683795e-05
0.01992067669149149 2.818382931264455e-05
0.019915580447621258 2.511886431509582e-05
0.019912698232077853 2.238721138568338e-05
0.01991151917819112 1.9952623149688827e-05
0.019911639828715515 1.778279410038923e-05
0.019912744323463214 1.584893192461114e-05
0.019914591041484728 1.4125375446227555e-05
0.019917004221474292 1.258925411794166e-05
0.01991987103396658 1.1220184543019652e-05
0.01992313844786273 9.999999999999999e-06
0.019926801568447703 8.91250938133746e-06
0.019930883101532456 7.943282347242822e-06
0.019935412452174412 7.079457843841373e-06
0.019940412226185183 6.309573444801943e-06
0.0199458935991983 5.623413251903491e-06
0.01995 5.20167667986486e-06
0.02239 5.093795921286139e-06
0.022395789920867767 5.623413251903492e-06
0.02240187888331922 6.309573444801943e-06
0.02240736904847086 7.079457843841374e-06
0.02241227678845305 7.943282347242822e-06
0.022416627503616643 8.912509381337461e-06
0.02242044273301574 1e-05
0.022423721297314802 1.1220184543019652e-05
0.022426417158356603 1.2589254117941661e-05
0.0224284182280556 1.4125375446227557e-05
0.022429531700357722 1.584893192461114e-05
0.02242947738326863 1.778279410038923e-05
0.022427883376967068 1.9952623149688834e-05
0.022424276286413834 2.238721138568338e-05
0.022418058771312754 2.5118864315095822e-05
0.022408465216095838 2.818382931264455e-05
0.022394484177507907 3.1622776601683795e-05
0.02239 3.2508959348474055e-05
0.02238571964874245 3.1622776601683795e-05
0.02237237411190852 2.818382931264455e-05
0.022363216627383282 2.5118864315095822e-05
0.022357281726604974 2.238721138568338e-05
0.022353838594713255 1.9952623149688834e-05
0.022352317043243582 1.778279410038923e-05
0.02235226519511308 1.584893192461114e-05
0.022353328055037834 1.4125375446227557e-05
0.022355238167023242 1.2589254117941661e-05
0.022357811488926783 1.1220184543019652e-05
0.02236094102757588 1e-05
0.022364582837456837 8.912509381337461e-06
0.022368735792840266 7.943282347242822e-06
0.022373420453732366 7.079457843841374e-06
0.022378661065922564 6.309573444801943e-06
0.022384473257353498 5.623413251903492e-06
0.02239 5.093795921286139e-06
0.02512 5.196732009863583e-06
0.025124704223638966 5.623413251903491e-06
0.025130796843025455 6.309573444801943e-06
0.025136273046450046 7.079457843841373e-06
0.02514117747423279 7.943282347242822e-06
0.025145537216799737 8.91250938133746e-06
0.02514934082779956 9.999999999999999e-06
0.025152520738778654 1.1220184543019652e-05
0.025154937720554483 1.2589254117941663e-05
0.025156363648267205 1.4125375446227555e-05
0.02515646460961316 1.584893192461114e-05
0.02515479071506307 1.778279410038923e-05
0.025150771165377783 1.995262314968883e-05
0.0251437001285053 2.238721138568338e-05
0.02513269442860621 2.511886431509582e-05
0.02512 2.7542975823394757e-05
0.025107987151453185 2.511886431509582e-05
0.025097572361615788 2.238721138568338e-05
0.02509088097772975 1.995262314968883e-05
0.025087077242792667 1.778279410038923e-05
0.025085493221775463 1.584893192461114e-05
0.025085588762378017 1.4125375446227555e-05
0.025086938130213544 1.2589254117941663e-05
0.025089225341155773 1.1220184543019652e-05
0.02509223451865947 9.999999999999999e-06
0.025095833908934478 8.91250938133746e-06
0.025099959571363604 7.943282347242822e-06
0.025104600674164725 7.079457843841373e-06
0.025109782853244365 6.309573444801943e-06
0.02511554835212688 5.623413251903491e-06
0.02512 5.196732009863583e-06
0.028180000000000004 5.219915654465545e-06
0.02818460285295498 5.623413251903491e-06
0.02819088669352223 6.309573444801943e-06
0.02819649113159236 7.079457843841373e-06
0.028201425801832453 7.943282347242822e-06
0.02820566905698125 8.91250938133746e-06
0.028209148067322536 1e-05
0.02821171697384039 1.1220184543019652e-05
0.028213135327804017 1.2589254117941661e-05
0.028213053287781984 1.4125375446227555e-05
0.0282110027270822 1.584893192461114e-05
0.0282063824212324 1.778279410038923e-05
0.02819842420483036 1.995262314968883e-05
0.02818612966721115 2.238721138568338e-05
0.028180000000000004 2.3325962394714595e-05
0.028174237378729636 2.238721138568338e-05
0.028162679040967864 1.995262314968883e-05
0.028155197364470138 1.778279410038923e-05
0.028150853723641282 1.584893192461114e-05
0.02814892595100735 1.4125375446227555e-05
0.028148848823561494 1.2589254117941661e-05
0.02815018224615005 1.1220184543019652e-05
0.028152597325930312 1e-05
0.02815586801229907 8.91250938133746e-06
0.028159857180313205 7.943282347242822e-06
0.028164496361317362 7.079457843841373e-06
0.028169765204293467 6.309573444801943e-06
0.028175672766982445 5.623413251903491e-06
0.028180000000000004 5.219915654465545e-06
0.03162 5.196741413216481e-06
0.03162484463994183 5.623413251903491e-06
0.031630956930673304 6.309573444801943e-06
0.03163627988980225 7.079457843841374e-06
0.031640831538103105 7.943282347242822e-06
0.031644556179746014 8.91250938133746e-06
0.031647292003254696 1e-05
0.0316487551241549 1.1220184543019652e-05
0.03164853467237212 1.2589254117941661e-05
0.03164608734041755 1.4125375446227557e-05
0.03164072082822345 1.584893192461114e-05
0.03163155786912461 1.7782794100389226e-05
0.03162 1.9565259899985305e-05
0.03160911838917523 1.7782794100389226e-05
0.03160049156066196 1.584893192461114e-05
0.03159543904652178 1.4125375446227557e-05
0.03159313490952199 1.2589254117941661e-05
0.031592927356513735 1.1220184543019652e-05
0.03159430486927617 1e-05
0.03159688061800509 8.91250938133746e-06
0.031600387328488036 7.943282347242822e-06
0.03160467265694151 7.079457843841374e-06
0.03160968416633418 6.309573444801943e-06
0.0316154388230335 5.623413251903491e-06
0.03162 5.196741413216481e-06
0.03548 5.503582083367715e-06
0.035481429561711214 5.623413251903491e-06
0.035487855391632586 6.309573444801944e-06
0.03549340349885664 7.0794578438413724e-06
0.03549802471819173 7.943282347242822e-06
0.03550155694007621 8.91250938133746e-06
0.035503685131434176 1e-05
0.03550392560332116 1.1220184543019652e-05
0.035501627351500635 1.2589254117941661e-05
0.035495967864518974 1.4125375446227553e-05
0.03548592118847807 1.584893192461114e-05
0.03548 1.657998123295326e-05
0.035474417165149236 1.584893192461114e-05
0.03546494458488211 1.4125375446227553e-05
0.035459608497156535 1.2589254117941661e-05
0.03545744157401147 1.1220184543019652e-05
0.035457668304647784 1e-05
0.03545967488507099 8.91250938133746e-06
0.035463005265704936 7.943282347242822e-06
0.035467362415363725 7.0794578438413724e-06
0.03547259348788928 6.309573444801944e-06
0.03547865212752942 5.623413251903491e-06
0.03548 5.503582083367715e-06
0.01122 5.9143142576456625e-06
0.011222615692493443 6.309573444801944e-06
0.011226902150915367 7.079457843841373e-06
0.011230917480419718 7.943282347242822e-06
0.011234658726124062 8.91250938133746e-06
0.011238123145547353 1e-05
0.011241308234563843 1.1220184543019652e-05
0.011244212713476549 1.2589254117941661e-05
0.01124683824513102 1.4125375446227555e-05
0.011249190551922809 1.584893192461114e-05
0.011251278120009797 1.778279410038923e-05
0.011253107941130441 1.995262314968883e-05
0.011254679218274971 2.238721138568338e-05
0.011255975337668988 2.5118864315095822e-05
0.011256953213513284 2.818382931264455e-05
0.011257530678703515 3.1622776601683795e-05
0.011257575964809 3.54813389233576e-05
0.011256903004822662 3.9810717055349695e-05
0.011255270114294249 4.466835921509635e-05
0.011252373836669582 5.011872336272726e-05
0.011247830191247688 5.623413251903491e-05
0.011241138933948675 6.309573444801944e-05
0.011231626050399072 7.079457843841373e-05
0.01122 7.837905109515394e-05
0.011209068042162068 7.079457843841373e-05
0.01120012309195871 6.309573444801944e-05
0.0111938313127074 5.623413251903491e-05
0.011189558929698753 5.011872336272726e-05
0.01118683556417108 4.466835921509635e-05
0.011185300159644366 3.9810717055349695e-05
0.011184667376373629 3.54813389233576e-05
0.011184709958831024 3.1622776601683795e-05
0.01118525294848751 2.818382931264455e-05
0.011186172443684386 2.5118864315095822e-05
0.011187391182816073 2.238721138568338e-05
0.011188868652369887 1.995262314968883e-05
0.011190589230438553 1.778279410038923e-05
0.01119255216759497 1.584893192461114e-05
0.011194764038160384 1.4125375446227555e-05
0.01119723282165638 1.2589254117941661e-05
0.011199963898842953 1.1220184543019652e-05
0.011202958833291294 1e-05
0.01120621642170424 8.91250938133746e-06
0.011209734309456088 7.943282347242822e-06
0.011213509917795999 7.079457843841373e-06
0.011217540468252438 6.309573444801944e-06
0.01122 5.9143142576456625e-06
0.03981 6.020946761301409e-06
0.039812477220778304 6.309573444801943e-06
0.03981737566603832 7.079457843841373e-06
0.03982106081683077 7.943282347242822e-06
0.039823148929878024 8.91250938133746e-06
0.039823078051245686 1e-05
0.03982011133036734 1.1220184543019652e-05
0.03981332546382765 1.2589254117941661e-05
0.03981 1.3025067382334018e-05
0.03980685771850184 1.2589254117941661e-05
0.03980044564969527 1.1220184543019652e-05
0.03979764234988225 1e-05
0.03979757537558136 8.91250938133746e-06
0.03979954846545227 7.943282347242822e-06
0.03980303062065023 7.079457843841373e-06
0.03980765923629846 6.309573444801943e-06
0.03981 6.020946761301409e-06
0.04467 6.67279782910973e-06
0.04467231993896594 7.079457843841373e-06
0.0446749036087898 7.943282347242822e-06
0.044675072519483064 8.91250938133746e-06
0.044672007186158574 1e-05
0.04467 1.0334133368562675e-05
0.0446681064281523 1e-05
0.04466521460426126 8.91250938133746e-06
0.04466537395397189 7.943282347242822e-06
0.04466781137833402 7.079457843841373e-06
0.04467 6.67279782910973e-06
