0.01 4.741691385881351e-06
0.010002377908668283 5.011872336272724e-06
0.0100069688070037 5.623413251903491e-06
0.010011320867737162 6.309573444801943e-06
0.010015418983265304 7.079457843841373e-06
0.010019245326195497 7.94328234724282e-06
0.010022779015257234 8.91250938133746e-06
0.010025995956877911 1e-05
0.010028868641123935 1.1220184543019652e-05
0.010031365686120595 1.2589254117941661e-05
0.010033451168397017 1.4125375446227555e-05
0.01003508410915332 1.584893192461114e-05
0.010036218662612895 1.778279410038923e-05
0.010036805490803843 1.995262314968883e-05
0.010036794749039206 2.238721138568338e-05
0.010036141434848328 2.5118864315095822e-05
0.010034814488363077 2.818382931264455e-05
0.010032810538882919 3.1622776601683795e-05
0.010030168639808223 3.54813389233576e-05
0.010026971821813125 3.9810717055349695e-05
0.01002331173639683 4.466835921509635e-05
0.01001920533631865 5.011872336272725e-05
0.010014496973588272 5.623413251903491e-05
0.010008807555310317 6.309573444801943e-05
0.01000154762769587 7.079457843841373e-05
0.010000000000000002 7.220494787208035e-05
0.02512 3.5046603988866866e-06
0.025121077506522774 3.5481338923357606e-06
0.02512981590523597 3.981071705534969e-06
0.0251375945432692 4.466835921509635e-06
0.025144326256994146 5.011872336272725e-06
0.025149918174613754 5.623413251903491e-06
0.025154272811318053 6.309573444801943e-06
0.025157288075015233 7.0794578438413724e-06
0.02515885600524481 7.943282347242822e-06
0.02515886231793396 8.91250938133746e-06
0.025157193179133494 9.999999999999999e-06
0.025153758727300524 1.122018454301965e-05
0.02514853812207248 1.2589254117941661e-05
0.025141630111323105 1.4125375446227555e-05
0.02513325556388904 1.584893192461114e-05
0.025123636756918845 1.778279410038923e-05
0.025120000000000003 1.8510971102268004e-05
0.025116558505197607 1.778279410038923e-05
0.025107456144239232 1.584893192461114e-05
0.02509953123693585 1.4125375446227555e-05
0.025092994126092484 1.2589254117941661e-05
0.025088053821816284 1.122018454301965e-05
0.02508480377008173 9.999999999999999e-06
0.025083224249471892 8.91250938133746e-06
0.02508323022322471 7.943282347242822e-06
0.02508471396928089 7.0794578438413724e-06
0.0250875673396252 6.309573444801943e-06
0.025091688170331947 5.623413251903491e-06
0.02509697985076393 5.011872336272725e-06
0.025103350130194917 4.466835921509635e-06
0.025110711123233077 3.981071705534969e-06
0.025118980346176434 3.5481338923357606e-06
0.02512 3.5046603988866866e-06
0.02818 3.4265499394239096e-06
0.02818310216556025 3.5481338923357606e-06
0.028191929955371585 3.981071705534969e-06
0.028199607316516308 4.4668359215096355e-06
0.028206029476511 5.011872336272725e-06
0.02821108015776348 5.623413251903491e-06
0.028214632287099868 6.309573444801943e-06
0.02821654982604834 7.079457843841373e-06
0.028216692585590827 7.943282347242822e-06
0.028214928692845483 8.91250938133746e-06
0.02821115920091651 1e-05
0.028205352347349923 1.1220184543019652e-05
0.028197576429868667 1.2589254117941661e-05
0.028188010185544926 1.4125375446227555e-05
0.028180000000000004 1.536801526545368e-05
0.02817246946628411 1.4125375446227555e-05
0.028163476050961794 1.2589254117941661e-05
0.028156165757281814 1.1220184543019652e-05
0.028150706619497652 1e-05
0.02814716284564826 8.91250938133746e-06
0.028145504575222993 7.943282347242822e-06
0.02814563878628988 7.079457843841373e-06
0.028147441502546833 6.309573444801943e-06
0.028150780929527743 5.623413251903491e-06
0.028155529174777077 5.011872336272725e-06
0.02816156677429306 4.4668359215096355e-06
0.028168784413213542 3.981071705534969e-06
0.028177083592856526 3.5481338923357606e-06
0.02818 3.4265499394239096e-06
0.03162 3.2805192443242198e-06
0.031627027995098624 3.5481338923357606e-06
0.031635839012827745 3.981071705534969e-06
0.03164317589693801 4.466835921509635e-06
0.03164888980062203 5.011872336272725e-06
0.03165282467104796 5.623413251903492e-06
0.03165482641538843 6.309573444801942e-06
0.031654752503822554 7.079457843841373e-06
0.031652481942726796 7.943282347242822e-06
0.031647930064772456 8.91250938133746e-06
0.03164107458159957 1e-05
0.0316319922466188 1.1220184543019652e-05
0.03162088105632809 1.2589254117941661e-05
0.03162 1.2694971536217831e-05
0.031619170494840046 1.2589254117941661e-05
0.03160870942738549 1.1220184543019652e-05
0.03160015850562168 1e-05
0.03159370414114508 8.91250938133746e-06
0.03158941859647531 7.943282347242822e-06
0.031587280887358564 7.079457843841373e-06
0.03158721130040558 6.309573444801942e-06
0.031589095921406976 5.623413251903492e-06
0.03159280056005266 5.011872336272725e-06
0.031598180139584965 4.466835921509635e-06
0.031605087737922824 3.981071705534969e-06
0.03161338321738056 3.5481338923357606e-06
0.03162 3.2805192443242198e-06
0.03548 3.3533870801058593e-06
0.03548507245037997 3.5481338923357606e-06
0.0354935370634481 3.981071705534969e-06
0.03550022044941295 4.4668359215096355e-06
0.035504930076143366 5.011872336272725e-06
0.03550746071243312 5.623413251903491e-06
0.03550761039976504 6.309573444801944e-06
0.03550520659710113 7.079457843841373e-06
0.03550014459510245 7.943282347242822e-06
0.03549243643602075 8.91250938133746e-06
0.035482256129398725 1e-05
0.03548 1.02245287244319e-05
0.03547787279228119 1e-05
0.03546827421746614 8.91250938133746e-06
0.03546100652461769 7.943282347242822e-06
0.03545623377987607 7.079457843841373e-06
0.03545396733736439 6.309573444801944e-06
0.03545410847113449 5.623413251903491e-06
0.03545649449963624 5.011872336272725e-06
0.035460935004839225 4.4668359215096355e-06
0.03546723648303465 3.981071705534969e-06
0.03547521740392746 3.5481338923357606e-06
0.03548 3.3533870801058593e-06
0.03981 3.3044207666091867e-06
0.03981574861633016 3.5481338923357606e-06
0.039822789085189526 3.981071705534969e-06
0.039827565087775935 4.4668359215096355e-06
0.03982987893538998 5.011872336272724e-06
0.03982953910903148 5.623413251903491e-06
0.03982638626754722 6.309573444801943e-06
0.03982033420453028 7.079457843841374e-06
0.0398114177748916 7.943282347242822e-06
0.039810000000000005 8.062319054432476e-06
0.039808660322877845 7.943282347242822e-06
0.03980023505249893 7.079457843841374e-06
0.039794516365834615 6.309573444801943e-06
0.03979153719782195 5.623413251903491e-06
0.039791216090712 5.011872336272724e-06
0.0397934024806185 4.4668359215096355e-06
0.03979791539831667 3.981071705534969e-06
0.039804568044738864 3.5481338923357606e-06
0.03981 3.3044207666091867e-06
0.044669999999999994 3.4620064846482698e-06
0.04467188131765685 3.5481338923357606e-06
0.0446777903050368 3.981071705534969e-06
0.04468091900562543 4.466835921509635e-06
0.044681028083943745 5.011872336272725e-06
0.044677902931137686 5.623413251903491e-06
0.04467139990151168 6.309573444801944e-06
0.04467 6.418955601121787e-06
0.04466867933819654 6.309573444801944e-06
0.044662544404587085 5.623413251903491e-06
0.04465959614722289 5.011872336272725e-06
0.04465969905129677 4.466835921509635e-06
0.04466265065562566 3.981071705534969e-06
0.04466822517202183 3.5481338923357606e-06
0.044669999999999994 3.4620064846482698e-06
0.01778 3.8110701556584496e-06
0.01778303395869196 3.981071705534969e-06
0.01779029535211449 4.466835921509634e-06
0.01779701830452173 5.011872336272725e-06
0.017803156999551165 5.623413251903491e-06
0.01780865723044446 6.309573444801943e-06
0.017813454845769936 7.079457843841373e-06
0.017817474643820514 7.94328234724282e-06
0.017820630633344103 8.91250938133746e-06
0.017822828604616467 1e-05
0.017823971616880537 1.1220184543019652e-05
0.017823968683679525 1.2589254117941661e-05
0.017822746560718125 1.4125375446227555e-05
0.017820263598286146 1.584893192461114e-05
0.017816523309502896 1.778279410038923e-05
0.017811583854262448 1.995262314968883e-05
0.01780555529988618 2.238721138568338e-05
0.017798563686924847 2.5118864315095822e-05
0.017790646304251385 2.818382931264455e-05
0.017781574966394945 3.1622776601683795e-05
0.01778 3.218676697931989e-05
0.017778529040819814 3.1622776601683795e-05
0.01777005675357654 2.818382931264455e-05
0.017762662216928685 2.5118864315095822e-05
0.01775613231425725 2.238721138568338e-05
0.01775050187196243 1.995262314968883e-05
0.017745888607162388 1.778279410038923e-05
0.017742395318581808 1.584893192461114e-05
0.017740076325367036 1.4125375446227555e-05
0.017738934908638936 1.2589254117941661e-05
0.01773893216913988 1.1220184543019652e-05
0.01773999969946198 1e-05
0.017742052521688055 8.91250938133746e-06
0.017745000096809137 7.94328234724282e-06
0.017748754436497892 7.079457843841373e-06
0.017753235228169795 6.309573444801943e-06
0.01775837223626825 5.623413251903491e-06
0.017764105545776874 5.011872336272725e-06
0.017770384529628914 4.466835921509634e-06
0.017777166397070717 3.981071705534969e-06
0.01778 3.8110701556584496e-06
0.01995 3.7120237607609507e-06
0.019955006860682484 3.98107170553497e-06
0.01996246797375282 4.4668359215096355e-06
0.019969260488108185 5.011872336272725e-06
0.019975323615567538 5.623413251903491e-06
0.019980587676977406 6.309573444801942e-06
0.019984975288372186 7.079457843841373e-06
0.0199884038089523 7.943282347242822e-06
0.019990788659833097 8.91250938133746e-06
0.01999204696164785 1e-05
0.019992100490648104 1.1220184543019652e-05
0.019990877598223804 1.2589254117941661e-05
0.01998831782270075 1.4125375446227557e-05
0.019984388055467484 1.584893192461114e-05
0.019979114887629008 1.778279410038923e-05
0.019972611482617936 1.995262314968883e-05
0.019965036395173785 2.238721138568338e-05
0.019956427334903524 2.5118864315095822e-05
0.01995 2.7103214088551023e-05
0.019943953947675497 2.5118864315095822e-05
0.019935855594370423 2.238721138568338e-05
0.019928729876520414 1.995262314968883e-05
0.019922612266721863 1.778279410038923e-05
0.01991765191392465 1.584893192461114e-05
0.019913955268476412 1.4125375446227557e-05
0.01991154734404371 1.2589254117941661e-05
0.01991039699608526 1.1220184543019652e-05
0.019910447349636342 1e-05
0.019911631006428187 8.91250938133746e-06
0.01991387438310419 7.943282347242822e-06
0.019917099516870235 7.079457843841373e-06
0.01992122684623312 6.309573444801942e-06
0.019926178632813582 5.623413251903491e-06
0.019931882083220265 5.011872336272725e-06
0.01993827165180879 4.4668359215096355e-06
0.01994529015647665 3.98107170553497e-06
0.01995 3.7120237607609507e-06
0.02239 3.5712400759829466e-06
0.022398063460808137 3.981071705534969e-06
0.022405836613690246 4.466835921509635e-06
0.022412790090239804 5.011872336272725e-06
0.022418840817561677 5.623413251903491e-06
0.02242389544564169 6.309573444801943e-06
0.022427852381715397 7.079457843841373e-06
0.022430604100501593 7.943282347242822e-06
0.02243203982196136 8.91250938133746e-06
0.022432050381866395 9.999999999999999e-06
0.022430538193426285 1.1220184543019652e-05
0.02242743446337855 1.2589254117941661e-05
0.022422724274546838 1.4125375446227557e-05
0.022416476693325485 1.584893192461114e-05
0.022408859335780188 1.778279410038923e-05
0.02240007856207064 1.995262314968883e-05
0.02239018664420011 2.2387211385683383e-05
0.02239 2.243246349898866e-05
0.02238982183962717 2.2387211385683383e-05
0.022380379554387115 1.995262314968883e-05
0.022371997906755273 1.778279410038923e-05
0.02236472679273476 1.584893192461114e-05
0.022358763192478023 1.4125375446227557e-05
0.022354267103138654 1.2589254117941661e-05
0.02235130445172945 1.1220184543019652e-05
0.022349860999127526 9.999999999999999e-06
0.022349871079036878 8.91250938133746e-06
0.022351241540430295 7.943282347242822e-06
0.02235386818108985 7.079457843841373e-06
0.02235764525643293 6.309573444801943e-06
0.02236247012869113 5.623413251903491e-06
0.02236824582295291 5.011872336272725e-06
0.022374883232386584 4.466835921509635e-06
0.02238230306013769 3.981071705534969e-06
0.02239 3.5712400759829466e-06
0.05012 3.817027281555462e-06
0.05012136339236253 3.981071705534969e-06
0.050121567245879406 4.466835921509635e-06
0.05012 4.712817339179789e-06
0.05011852246179719 4.466835921509635e-06
0.05011871464693094 3.981071705534969e-06
0.05012 3.817027281555462e-06
0.01259 4.2400563352705745e-06
0.012592768379825151 4.466835921509635e-06
0.012598417321443818 5.011872336272725e-06
0.012603739167411348 5.623413251903491e-06
0.012608708899042654 6.309573444801943e-06
0.012613296862788935 7.079457843841373e-06
0.012617468620830172 7.943282347242822e-06
0.012621185428576293 8.912509381337458e-06
0.012624405143688754 1e-05
0.012627082970891974 1.1220184543019654e-05
0.012629171452855414 1.2589254117941661e-05
0.01263061961139975 1.4125375446227555e-05
0.01263137186385409 1.584893192461114e-05
0.01263136807339528 1.778279410038923e-05
0.012630546921682697 1.995262314968883e-05
0.012628855465843459 2.238721138568338e-05
0.012626266962016061 2.5118864315095822e-05
0.012622804433527169 2.8183829312644552e-05
0.012618555831706782 3.1622776601683795e-05
0.01261364804756129 3.54813389233576e-05
0.012608143941571545 3.9810717055349695e-05
0.01260188713290913 4.466835921509635e-05
0.01259440494206251 5.011872336272725e-05
0.01259 5.298056579391359e-05
0.012585888720741657 5.011872336272725e-05
0.012578905342618144 4.466835921509635e-05
0.012573065654533222 3.9810717055349695e-05
0.012567928488942795 3.54813389233576e-05
0.012563347890407006 3.1622776601683795e-05
0.01255938252870798 2.8183829312644552e-05
0.012556150835451677 2.5118864315095822e-05
0.012553734898546106 2.238721138568338e-05
0.012552156206429485 1.995262314968883e-05
0.012551389798164407 1.778279410038923e-05
0.01255138626040285 1.584893192461114e-05
0.012552088362693569 1.4125375446227555e-05
0.012553439977334949 1.2589254117941661e-05
0.012555389227167492 1.1220184543019654e-05
0.012557888532557163 1e-05
0.012560893599995461 8.912509381337458e-06
0.012564362620558508 7.943282347242822e-06
0.012568256261396996 7.079457843841373e-06
0.012572538360893523 6.309573444801943e-06
0.01257717677708274 5.623413251903491e-06
0.012582143833319103 5.011872336272725e-06
0.01258741617882986 4.466835921509635e-06
0.01259 4.2400563352705745e-06
0.01413 4.164637450868525e-06
0.014133911540158922 4.466835921509635e-06
0.014139855044234647 5.011872336272726e-06
0.014145409111248352 5.623413251903491e-06
0.01415054269213659 6.309573444801943e-06
0.014155221211877804 7.079457843841374e-06
0.014159406464220986 7.943282347242822e-06
0.01416305585523274 8.91250938133746e-06
0.01416612123445236 1e-05
0.014168548026358328 1.1220184543019654e-05
0.01417027521800243 1.2589254117941661e-05
0.01417123617197424 1.4125375446227555e-05
0.01417136017891141 1.584893192461114e-05
0.014170575949971684 1.778279410038923e-05
0.014168820570630774 1.995262314968883e-05
0.014166058381153883 2.238721138568338e-05
0.014162309098721057 2.5118864315095822e-05
0.01415766828943919 2.818382931264455e-05
0.014152278410285789 3.1622776601683795e-05
0.014146208052878882 3.54813389233576e-05
0.014139276258867243 3.98107170553497e-05
0.014130953489839195 4.466835921509634e-05
0.01413 4.5166265588098213e-05
0.014129092461478355 4.466835921509634e-05
0.014121170789752866 3.98107170553497e-05
0.01411457305810323 3.54813389233576e-05
0.014108795248041235 3.1622776601683795e-05
0.014103665122100048 2.818382931264455e-05
0.01409924796627755 2.5118864315095822e-05
0.014095679372154737 2.238721138568338e-05
0.014093050300242996 1.995262314968883e-05
0.014091379517496831 1.778279410038923e-05
0.014090633082722875 1.584893192461114e-05
0.01409075111342211 1.4125375446227555e-05
0.014091665756359133 1.2589254117941661e-05
0.014093309709851712 1.1220184543019654e-05
0.014095619547930887 1e-05
0.014098537198031492 8.91250938133746e-06
0.014102010714777617 7.943282347242822e-06
0.014105994268212695 7.079457843841374e-06
0.014110447317123007 6.309573444801943e-06
0.014115333496522655 5.623413251903491e-06
0.014120619897656181 5.011872336272726e-06
0.014126276967800546 4.466835921509635e-06
0.01413 4.164637450868525e-06
0.01585 4.032288626987231e-06
0.01585608511267705 4.466835921509635e-06
0.01586245624589387 5.011872336272726e-06
0.01586835684151733 5.623413251903491e-06
0.01587374668219452 6.309573444801943e-06
0.01587857912930392 7.079457843841373e-06
0.015882800881916074 7.943282347242823e-06
0.015886351656415415 8.91250938133746e-06
0.015889163555553434 1e-05
0.015891160216663595 1.1220184543019652e-05
0.01589225686531057 1.2589254117941661e-05
0.01589236388416891 1.4125375446227557e-05
0.01589139732982115 1.584893192461114e-05
0.015889298645465608 1.778279410038923e-05
0.01588606168295681 1.995262314968883e-05
0.01588175661512682 2.238721138568338e-05
0.015876525965055413 2.5118864315095825e-05
0.01587051693561644 2.818382931264455e-05
0.015863739802839033 3.1622776601683795e-05
0.015855917061677317 3.54813389233576e-05
0.01585 3.8188542934125705e-05
0.015844397675645945 3.54813389233576e-05
0.015836991037737513 3.1622776601683795e-05
0.015830574390746137 2.818382931264455e-05
0.01582488499053264 2.5118864315095825e-05
0.01581993256652886 2.238721138568338e-05
0.015815856491668556 1.995262314968883e-05
0.015812791708016603 1.778279410038923e-05
0.01581080465580763 1.584893192461114e-05
0.015809889513925184 1.4125375446227557e-05
0.015809990840291055 1.2589254117941661e-05
0.015811029156563194 1.1220184543019652e-05
0.015812919612295154 1e-05
0.015815581942330088 8.91250938133746e-06
0.01581894384584542 7.943282347242823e-06
0.01582294103714842 7.079457843841373e-06
0.015827516439198806 6.309573444801943e-06
0.01583261958622295 5.623413251903491e-06
0.01583820632037708 5.011872336272726e-06
0.01584423856352917 4.466835921509635e-06
0.01585 4.032288626987231e-06
0.01122 4.551691741490775e-06
0.011224445747292226 5.011872336272725e-06
0.011229449555244981 5.623413251903491e-06
0.011234167389728811 6.309573444801942e-06
0.011238579009993185 7.079457843841373e-06
0.011242661266652314 7.943282347242822e-06
0.011246387406373827 8.91250938133746e-06
0.011249726259980589 9.999999999999999e-06
0.01125264157338566 1.1220184543019652e-05
0.011255091712544081 1.2589254117941661e-05
0.011257029763885512 1.4125375446227555e-05
0.01125840374255796 1.584893192461114e-05
0.01125915672557621 1.778279410038923e-05
0.01125922786809402 1.995262314968883e-05
0.011258557005914657 2.238721138568338e-05
0.011257096393302841 2.5118864315095822e-05
0.011254831361898062 2.818382931264455e-05
0.011251804607647738 3.1622776601683795e-05
0.01124812365958365 3.5481338923357595e-05
0.011243916035762079 3.9810717055349695e-05
0.011239215215634257 4.466835921509635e-05
0.011233833245377692 5.011872336272725e-05
0.011227313796715198 5.623413251903491e-05
0.01122 6.225728386302655e-05
0.011213122847864816 5.623413251903491e-05
0.011206992620017992 5.011872336272725e-05
0.011201931961418535 4.466835921509635e-05
0.011197511787268495 3.9810717055349695e-05
0.011193555364869103 3.5481338923357595e-05
0.011190094174898399 3.1622776601683795e-05
0.011187248122394364 2.818382931264455e-05
0.011185118316745091 2.5118864315095822e-05
0.01118374490488622 2.238721138568338e-05
0.011183114094180251 1.995262314968883e-05
0.011183180989383567 1.778279410038923e-05
0.01118388901819177 1.584893192461114e-05
0.011185180968286756 1.4125375446227555e-05
0.011187003315070493 1.2589254117941661e-05
0.011189307177264232 1.1220184543019652e-05
0.011192048442107805 9.999999999999999e-06
0.01119518796117088 8.91250938133746e-06
0.011198691644789618 7.943282347242822e-06
0.011202530184633276 7.079457843841373e-06
0.011206678424583357 6.309573444801942e-06
0.011211114597306959 5.623413251903491e-06
0.011215819670456565 5.011872336272725e-06
0.01122 4.551691741490775e-06
