0.001 0.001908776982675568
0.0013 0.0016057333860818926
0.0013131146957570095 0.001584893192461114
0.001571358149721488 0.0012589254117941688
0.0018 0.0010296785453259725
0.0018992493719758021 0.001
0.0025 0.0008573042728128264
0.0026716185170850898 0.0007943282347242823
0.0032320945528692595 0.0006309573444801935
0.0033 0.0006152347280078426
0.004267586751668478 0.0005011872336272725
0.0048 0.0004513383868892804
0.00559879033951295 0.00039810717055349735
0.0057 0.0003927496959168371
0.006699999999999999 0.00034541398014123676
0.0073809491004280334 0.00031622776601683794
0.0078 0.0003019604562661439
0.0092 0.00026023366991770493
0.00953343038944493 0.0002511886431509582
0.01 0.0002411355877074282
0.0117 0.00021871419717881218
0.012722397079249742 0.0001995262314968881
0.0137 0.00018495129891970706
0.0161 0.00016442888409505502
0.016928594776013117 0.00015848931924611142
0.018800000000000004 0.00014783308650926255
0.021123790266087055 0.00012589254117941674
0.0221 0.00011856877628069806
0.0254 0.00011395182265646778
0.029339620601129095 9.999999999999999e-05
0.0303 9.729772963644962e-05
0.0356 8.312437428792589e-05
0.038292142555822924 7.943282347242822e-05
0.0417 7.571976457751603e-05
0.0489 6.7199043504309e-05
0.0514899990089791 6.309573444801943e-05
0.0573 5.576816570070869e-05
0.06677503711319492 5.011872336272726e-05
0.0672 4.991743772226309e-05
0.0788 4.58079035754232e-05
0.0923 4.00206166082316e-05
0.09300428014726451 3.9810717055349695e-05
0.10000000000000002 3.815855464354874e-05
0.1085 3.578896200436888e-05
0.1179 3.350651968905015e-05
0.128 3.3514347571024457e-05
0.13450867867218702 3.1622776601683795e-05
0.139 3.058535959568006e-05
0.151 3.003618486816871e-05
0.163 2.9383022738022243e-05
0.178 2.7841984135887647e-05
0.19 2.9096224392053272e-05
0.19310000000000002 2.9592035095687533e-05
0.1964 3.054352276238887e-05
0.1997 3.1015378342597926e-05
0.20161955312850088 3.1622776601683795e-05
0.2031 3.225878273759627e-05
0.2065 3.339191384460218e-05
0.21 3.498382155433035e-05
0.21024972874260375 3.981071705534969e-05
0.21062517094856145 5.011872336272725e-05
0.21094586311296615 6.309573444801944e-05
0.21120693332619866 7.943282347242821e-05
0.21140199332573303 0.0001
0.21152358169671848 0.00012589254117941674
0.2115640658476804 0.00015848931924611142
0.21151456326527465 0.0001995262314968881
0.21136424967279416 0.0002511886431509582
0.2111035278121492 0.00031622776601683794
0.21072238441311825 0.00039810717055349735
0.2102002254865261 0.0005011872336272725
0.21000000000000002 0.0005390619173708726
0.20684753080850912 0.0006309573444801936
0.20650000000000002 0.0006420587575848434
0.2031 0.0007445911621299761
0.20138079373652235 0.0007943282347242822
0.19969999999999996 0.0008465005134835851
0.1964 0.0009429919148314708
0.1945128288097842 0.001
0.1931 0.0010452830875346813
0.19 0.0011495599127354665
0.18606923915055454 0.0012589254117941688
0.178 0.0015236664786400008
0.17616066434010946 0.001584893192461114
0.1659748073878483 0.001995262314968879
0.163 0.002146289563191973
0.15402834832535886 0.002511886431509582
0.151 0.0026577311325973363
0.1423227589186355 0.0031622776601683794
0.139 0.0033886207735653985
0.13190418193873438 0.003981071705534978
0.128 0.004378321303938436
0.12091248302532784 0.0050118723362727255
0.1179 0.005320329429267844
0.11120059440457467 0.006309573444801942
0.1085 0.0067889055860879165
0.10184796663245727 0.00794328234724282
0.1 0.0083113735533342
0.0923 0.009937049676283286
0.09207248582128212 0.01
0.08421630864762623 0.012589254117941687
0.0788 0.0152391576944477
0.07737062902428272 0.01584893192461114
0.06968761249673024 0.01995262314968883
0.0672 0.021772189542305927
0.06303509187212486 0.025118864315095822
0.0573 0.03158730843753583
0.05727138710461936 0.03162277660168379
0.05178464085594056 0.039810717055349776
0.0489 0.04635652068426893
0.04709948003171686 0.05011872336272725
0.042427948292501835 0.06309573444801943
0.0417 0.06568746588124195
0.037937906220717146 0.07943282347242822
0.0356 0.09112378857473986
0.03411874487081009 0.1
