0.02005731186524717 1e0
0.02005731186524717 0.0006825173759235834
0.02358996370701597 0.0006952491526447716
0.030167926030791607 0.0007247707682773319
0.03604277177058322 0.0007485959817900085
0.043972566886619095 0.0007803828063469514
0.05364700170413396 0.000821072054310439
0.06409411892036027 0.0008599004189391743
0.07382132197641916 0.0009005649706501848
0.08682331500488974 0.0009431525424335629
0.1031897032767774 0.0010061797793217539
0.12136428707850312 0.0010684705143181477
0.14729290178073315 0.00116113560686375
0.17782794100389246 0.001261837251903236
0.21134890398366488 0.0013712724343983953
0.2674685524389085 0.0015534752835119053
0.3178869703429977 0.001711767655872264
0.3738757288965434 0.00187749416226958
0.4657810528025877 0.0021467060252778098
0.5564863876983298 0.0024207307574001203
0.6613853113178451 0.002717150613825338
0.7984959675582637 0.003106759909833811
1.002620000186652 0.0036859987529012563
1.002620000186652 1e0