0.2242420626401392 1e0
0.2242420626401392 0.014037094631228968
0.224242062640139 0.0012740838766255882
0.22900425209270298 0.0018089465828118557
0.23598334667821985 0.0018879483074014203
0.2345707162794277 0.0015030734307755881
0.2388341801110539 0.0013720699018609469
0.24099488372573288 0.0015073628992941246
0.24833940275879715 0.0022786271479196636
0.25058609896014744 0.0018665498965379412
0.2589992854069631 0.0019425237468081006
0.2582229182352352 0.0015073628992941246
0.2676949364696635 0.002097887417588184
0.2709288666830896 0.0015030734307755881
0.27668253562513756 0.0018559418139650905
0.28511466545959474 0.0017782794100389228
0.29292307556875713 0.0023047496748375353
0.3027576851483032 0.002091917506800681
0.31011689265747866 0.0027189795463167894
0.31198447679882146 0.002091917506800681
0.3205287680530463 0.002091917506800681
0.33029714819961165 0.0022916511903524565
0.3393429669647458 0.0023511867667130354
0.3434424523269027 0.0029448244206349856
0.3507360796008299 0.0022463899553116697
0.3507360796008301 0.001713605672367061
0.3571109187689177 0.0019986768134065552
0.3592615100600859 0.0017581240099694968
0.36579130405368904 0.002829649689838074
0.3724397809799328 0.001684554819390812
0.3780723940838144 0.002620093753161368
0.38842662927967997 0.002489084291235582
0.3931190774398604 0.001970400256860771
0.4026747221306912 0.0024678953101377504
0.42375871606040766 0.0023047496748375353
0.42759240933294357 0.00279757783361961
0.44062364277735844 0.002961656274080813
0.43930284480371906 0.002177064455046738
0.4540520138729017 0.002546481902546704
0.4609188939802178 0.0022851298903781214
0.4692963720600345 0.0026958335217264805
0.4763938010401353 0.0023917339666576303
0.47926273700886823 0.001803798904424442
0.48944075590647873 0.0032259925962607044
0.4953535208959185 0.0024890842912355794
0.4998349236107477 0.0026881620492309904
0.5058732569558145 0.0029870846131809276
0.5119845373237157 0.002467895310137748
0.5181696459622787 0.002789616829636374
0.5275876908881215 0.003773398506913374
0.526006212534736 0.002446886705783912
0.5323607121961775 0.002583025614546068
0.5453009384661229 0.0029114471493259567
0.5535478266032647 0.0018825758155927043
0.5602350470065967 0.002765869486695244
0.5790443980602504 0.0027189795463167894
0.5913414626365515 0.0036883462390746792
0.5949026357421984 0.002324537911840441
0.5984852549237416 0.003073433087167305
0.6130327871523885 0.002419153167285275
0.6167245896259601 0.0033382192061503194
0.6185788197952078 0.0026576938442639643
0.6279339299206477 0.002311326965720936
0.6431972785292036 0.0035847217057776064
0.656856746604313 0.002765869486695244
0.6667907550192083 0.0034445200168240235
0.6768750009458548 0.002829649689838074
0.6829986062880619 0.0037949662751701266
0.6996004258907228 0.0026881620492309904
0.7166057901149709 0.004265308960461035
0.7230888350471548 0.0030127312762084505
0.7473658448737451 0.004216965034285826
0.7518666271036546 0.003198530490463567
0.7655322551995536 0.0027189795463167894
0.7841402410487673 0.004006109098525869
0.810466992914773 0.0024538696270956575
0.8129037246013651 0.005031907781062071
0.8276787386500232 0.0023179230268663914
0.8503463030125765 0.0037519533138243204
0.8554672535565702 0.003108667389814451
0.8815383278830283 0.0038714288947372185
0.8762613121223944 0.003073433087167305
0.9056809400491186 0.0039046684058847143
0.9056809400491186 0.003126435727223819
0.9276955553731245 0.0027816784801021613
0.9389027254636296 0.0033572996022697803
0.9646163713092833 0.0034054790885006576
0.9910342344979521 0.004052035740301257
1.021236825047435 0.0026576938442639643
1.0335740349593547 0.00504626783132515
1.0397984184814937 0.0034445200168240235
1.071487137997127 0.003454349982460507
1.087691831486753 0.0030822040455258932
1.107461284626738 0.004075196126794961
1.127590059466252 0.00290316211000579
1.1724663605284593 0.00538809995267886
1.1866305223073215 0.0030385981376600635
1.2081982456515028 0.004326518985980366
1.230157975337595 0.0034445200168240235
1.2525168363166044 0.004388607416149584
1.2791163172384237 0.0035542058246030906
1.2945688803662752 0.004413691559143748
1.3062806866829322 0.002961656274080813
1.3623523316611967 0.005591453949755662
1.3623523316611974 0.014117327027422811