0.020004899026065066 4e-2
0.03651741272548381 0.009953900863279498
0.039190591489848145 0.00846757783308875
0.04466835921509635 0.006417381523174214
0.050646035438917145 0.0048635851273841025
0.055503220322229346 0.0039323197944257475
0.06342678923450129 0.002898727281112475
0.07401473385377574 0.0020215552659973144
0.08524753270432883 0.0014629092679673047
0.09690889383776818 0.0010884019160690033
0.10788338023828897 0.0008402619850265706
0.1207308287459876 0.0006251534353689699
0.1351082342571969 0.0004716052111443408
0.14729290178073315 0.00036916802680773275
0.1665677460757601 0.00025274093353376114
0.17922933396481952 0.00020246712455982148
0.19234943239861588 0.0001534451539521848
0.2102457728441899 0.00010553861030365187
0.2102457728441899 0.000020466179993919773
0.17969891485325967 0.000021633015271094896
0.1576620875924849 0.00002286637515444795
0.12264119219301499 0.000025666375782161828
0.1000000000000001 0.000028412647655184987
0.0850247677968317 0.000031163446700393255
0.06718506277268024 0.00003596274576380268
0.055648638769833 0.000040180318772895075
0.04420328499885065 0.00004679873497194306
0.03456498427467166 0.00005578125670283586
0.028931012728183894 0.00006319298878716657
0.02346683638979882 0.00007360200278775675
0.020004899026065066 0.00008223376362191526