1e-2 2.22841316e-04
2e-2 1.68472561e-04
3e-2 1.14103807e-04
3.5e-2 8.69194298e-05
# extrapolated lines above
0.03720744181645611 0.00007491784366745064
0.03975862839665826 0.00006104736003988724
0.0430304800111207 0.000046086105176979524
0.04539861847385471 0.000037899462068159353
0.0472297234742799 0.000032828985729888954
0.05203686844199053 0.000024111061112475195
0.05755303294617472 0.000017546631781226345
0.06373531691197457 0.000012614285059174392
0.07049133618760944 0.000009292843850641219
0.08162628240106702 0.000005984673717210932
0.09062454120365335 0.000004408861706405548
0.10334418253666093 0.0000031695335631640345
0.11784949247478362 0.0000022508972652697195
0.13251792184547867 0.0000016992559226478794
0.145816750423803 0.0000013512113708818714