0.001000000000000001 0.15
0.001000000000000001 0.0005077891833295234
0.00312309242921152 0.0005068965237644763
0.00404108694916757 0.0003921990578162032
0.005635111673533783 0.0002845991609826412
0.008259761533183266 0.00019999642682239646
0.012106887056999674 0.0001375754269414133
0.016330383730732437 0.00010199062132225277
0.02971147330471073 0.00006170408574462163
0.045777262645090536 0.00004524900712322257
0.08328707637670042 0.00003144978372187022
0.1540726781725517 0.00002305632514532753
0.21130498717203283 0.00002049241784073898
0.20102454947512183 0.00006700558838206445
0.1977101114254422 0.00013552886395656674
0.17598974605374781 0.00021221674117084422
0.1490339453321828 0.00034313572215727923
0.11808702082031272 0.0006306912060288515
0.11141185568691743 0.0009262231044832762
0.14657671421094606 0.0009662099952881239
0.17023424596426354 0.0010409169687303377
0.19284063636146925 0.0009353679440029152
0.22211116861276006 0.0011576773779432552
0.23738390159262673 0.0010857578069139976
0.26668143279297013 0.0013015167920543845
0.26228446192398935 0.0010291793373983864
0.3365703173802064 0.001432216096753111
0.3844479461740431 0.00130078152753207
0.40748188192606866 0.0018107151612100202
0.46159375847846773 0.0022651728737358564
0.46159375847846773 0.0014624013849911536
0.5185629019215408 0.001849091387058352
0.5729579419317223 0.0025194530886053956
0.6278182485514083 0.0019707886655640433
0.699463961052227 0.0027726009107045535
0.7857906541639217 0.0023620243037273487
0.853901825954921 0.00298674715270811
1.0599143160504707 0.003017785966933788
1.5535875779181991 0.004023247111732717
1.5535875779181991 0.15