0.00999999999999994 0.004427276965070085
0.011555016308531039 0.003331793245908733
0.01410427117629767 0.0022010069122793455
0.018095715412433183 0.001202837543886828
0.020548047584124752 0.0008530501919786041
0.026760189066406887 0.0003384574122290294
0.036449226099697175 0.00011928207424423633
0.0612063578059761 0.000020645703804851953
0.0939601546560019 0.000005673706463218047
0.14281108041762922 0.0000018407920582783244
0.17738534987556454 8.933992926625616e-7
0.1999243997931522 5.900648914791363e-7
0.2192345972483442 3.1212523226270873e-9
0.009975111271837827 3.0965113985203134e-9