0.020004899026065066 0.0003866259230775077
0.0219234597248345 0.00038306951512502915
0.02498775693345372 0.0003760545399658172
0.027817505450703123 0.0003691680268077339
0.030967709969353562 0.00036073695532848804
0.034928651431343556 0.00035087344559027076
0.04065284171932748 0.00033194813587231545
0.04537516129348468 0.00031842710866469343
0.05131298421787526 0.0002957351934335584
0.057724959430430295 0.0002759323855304874
0.06631181409569423 0.0002402160418862004
0.07420865247028714 0.00021500149094307337
0.08196649484556498 0.00018630911965163258
0.0934231583698465 0.0001541557988770544
0.10648114862349353 0.00011956167020512371
0.11517643618464508 0.00010217968240999251
0.12755039802629314 0.00007961654816270501
0.1372460961007564 0.00006648787838417235
0.1476788092108902 0.00005326248252038004
0.15848931924611148 0.00004286541408420908
0.16920340207896994 0.000034022997656780505
0.1801697260437151 0.00002725533378452025
0.19084545347597676 0.000022241147517849823
0.2005731186524718 0.000018317924057239375
0.20914839947439312 0.000015654847070703348
0.2102457728441899 0.000009953900863279406
0.020004899026065066 0.000009953900863279406