0.03717032304275868 0.00005238687134109487
0.05923869854328906 0.00003848692157983153
0.08195320436318973 0.00003154424131071699
0.10966450003742426 0.000026769840793075314
0.14194035278520323 0.000023522868501803196
0.1799307727894159 0.000021401960772865086
0.21075174124272741 0.000020162094091174418
0.21059084669036335 0.00010936463046607041
0.2028429030481928 0.0001208018079588837
0.18429989994986265 0.00018253203382965396
0.15152901642599903 0.0003282454419183853
0.1405822871335584 0.000412620457198009
0.13042842010073333 0.0005009380458646037
0.10995432398111978 0.0007759769341722145
0.09543656366967358 0.0011100853506723974
0.08146828693468564 0.0016039232591373172
0.06615455022430568 0.0025982852328829452
0.056944368809701267 0.0036802280407269147
