0.001 0.001432397842024599
0.001152339157309242 0.0012589254117941688
0.0013 0.0011253628516075531
0.001529894615693758 0.001
0.0018 0.0008830030673535305
0.0019967450450214252 0.0007943282347242823
0.0024530714305988862 0.0006309573444801936
0.0025 0.0006176117740676167
0.003127743151657033 0.0005011872336272725
0.0033 0.0004758101098173122
0.0039374302099570565 0.00039810717055349735
0.004783023323125418 0.00031622776601683794
0.0048 0.0003149219960941232
0.0057 0.0002988514561700579
0.0067 0.0002804485239538202
0.007511351505681131 0.0002511886431509582
0.0078000000000000005 0.00024291990627874448
0.0092 0.0002365409256307088
0.01 0.00022326917933801588
0.011127464251326286 0.00019952623149688807
0.0117 0.00018994897707218784
0.0137 0.000161832967081831
0.0161 0.00017822057187856147
0.018696904931393164 0.00015848931924611142
0.0188 0.00015786711312963206
0.021999787038801663 0.00012589254117941674
0.0221 0.0001250969998829725
0.025399999999999995 0.00011645601171916238
0.029101075836021714 0.00010000000000000002
0.0303 9.57626551751008e-05
0.03546553513351819 7.943282347242821e-05
0.0356 7.909504258365706e-05
0.037446068351664016 7.943282347242821e-05
0.0417 8.04147764002907e-05
0.04207751349494869 7.943282347242822e-05
0.0489 6.531796434574871e-05
0.050895915684288626 6.309573444801943e-05
0.05729999999999999 5.7426621914234475e-05
0.0672 5.459828478224315e-05
0.07124030272364462 5.0118723362727245e-05
0.0788 4.341470172093112e-05
0.0923 4.0325532862437054e-05
0.09429832836061494 3.9810717055349695e-05
0.1 3.864778309722743e-05
0.10849999999999999 3.6948865406951395e-05
0.1179 3.506999532373473e-05
0.128 3.30005788603689e-05
0.13850132930355327 3.1622776601683795e-05
0.13899999999999998 3.157044772723643e-05
0.151 2.9249162996062906e-05
0.163 2.931772493252318e-05
0.178 2.7891762880473986e-05
0.19 2.9372514569157916e-05
0.1931 2.8480194123783934e-05
0.1964 3.0178664006442395e-05
0.1997 3.103407946709481e-05
0.20201335896922562 3.1622776601683795e-05
0.2031 3.19994225793991e-05
0.2065 3.4542665960293715e-05
0.21000000000000002 3.384991314867344e-05
0.21030859308366598 3.9810717055349695e-05
0.21068292235361424 5.011872336272725e-05
0.2110021693863558 6.309573444801943e-05
0.21126276018861934 7.943282347242823e-05
0.21146076176651113 0.0001
0.21159102808606217 0.00012589254117941674
0.2116461077807004 0.00015848931924611142
0.21161694532750522 0.0001995262314968881
0.2114953252106862 0.0002511886431509582
0.2112711522321591 0.00031622776601683794
0.21092507845968797 0.00039810717055349735
0.21042602081271444 0.0005011872336272725
0.21 0.0005816430468192351
0.2081788366732937 0.0006309573444801936
0.2065 0.0006802446673052949
0.2036839807261987 0.0007943282347242822
0.20309999999999997 0.0008199222237616024
0.1997 0.0009024433094827894
0.1964 0.0009923936563718085
0.19615722304894667 0.001
0.1931 0.0011000281516020409
0.19 0.0011867654762044962
0.18761553715069057 0.0012589254117941688
0.1785523255083508 0.001584893192461114
0.178 0.0016075505035937224
0.16670431767414431 0.001995262314968879
0.163 0.002154816580655141
0.15574519368076944 0.002511886431509582
0.151 0.002784574966632416
0.1437243749161029 0.00316227766016838
0.139 0.003460169822493056
0.13207056306493328 0.003981071705534978
0.128 0.0043456337995066985
0.12179134243956502 0.005011872336272725
0.1179 0.005513423938403709
0.11182192287813153 0.006309573444801942
0.1085 0.006801576930656072
0.10222948322434389 0.00794328234724282
0.1 0.008433496476676051
0.09238655657598847 0.01
0.09230000000000001 0.010019991206785452
0.08356580130467908 0.012589254117941685
0.0788 0.01465582821451285
0.07618657522994163 0.01584893192461114
0.0692513794607018 0.019952623149688826
0.0672 0.0215666107093879
0.06256563659397048 0.025118864315095822
0.0573 0.030538029255678664
0.05651998386535957 0.03162277660168379
0.05175762985028639 0.039810717055349776
0.0489 0.04728905590723734
0.04752500820347762 0.05011872336272725
0.04263283210253748 0.06309573444801943
0.0417 0.0662957287981653
0.03815135381916461 0.07943282347242822
0.0356 0.09301310726138055
0.034441027472310023 0.1
