0.0012777909676261437 0.1
0.0013 0.0982936609860008
0.001648090438353655 0.07943282347242822
0.0018 0.07289456751652681
0.002063414021120746 0.06309573444801943
0.0025 0.05019463333580918
0.002503891893296908 0.05011872336272725
0.003169179867679002 0.039810717055349776
0.0033 0.03820058523218313
0.0041025775241282795 0.03162277660168379
0.0048 0.027081659935765924
0.005156592716538042 0.025118864315095822
0.0057 0.022742791740579117
0.006407583361330765 0.01995262314968883
0.006699999999999999 0.019036622633423678
0.0078 0.01660297619051497
0.008090299118925148 0.01584893192461114
0.0092 0.013558947829152533
0.01 0.01283887609660614
0.010195022234761954 0.012589254117941687
0.0117 0.01105876287812186
0.012733424476150407 0.01
0.0137 0.009213079761989318
0.0161 0.008278607721435509
0.01671742956980321 0.00794328234724282
0.0188 0.007044326370601971
0.020521007223536968 0.006309573444801942
0.0221 0.005773499585545143
0.0254 0.005206270786553198
0.026304679544571684 0.005011872336272725
0.0303 0.004328081890395562
0.03260084644219643 0.003981071705534978
0.0356 0.0036206831351476582
0.0417 0.003191416251175929
0.04205252732110035 0.0031622776601683794
0.0489 0.002710411948121676
0.052726068802541846 0.002511886431509582
0.057300000000000004 0.0023218594886861084
0.0672 0.001996107487163658
0.06723969319712797 0.001995262314968879
0.07879999999999998 0.0017974827152203426
0.0923 0.001588982671952183
0.09263230046407421 0.001584893192461114
0.1 0.001514912718847967
0.1085 0.0014009378511511713
0.1179 0.0014039787014042844
0.128 0.0013298952309714267
0.139 0.0014229556058873785
0.14663280619697663 0.001584893192461114
0.14477927686038758 0.001995262314968879
0.139 0.0025016777599266974
0.138923405973095 0.002511886431509582
0.1320371324058877 0.00316227766016838
0.128 0.003598859459389355
0.12382975006665406 0.003981071705534978
0.1179 0.004554381860714067
0.11468780885050661 0.005011872336272725
0.10850000000000001 0.005971832730288498
0.10662367983012576 0.006309573444801942
0.1 0.0077104831073753904
0.09883123603416791 0.00794328234724282
0.0923 0.009327174463952323
0.08993467604285726 0.009999999999999998
0.08272012337572242 0.012589254117941687
0.0788 0.014550651088152858
0.07592920891508734 0.01584893192461114
0.06908460932118853 0.01995262314968883
0.0672 0.021457910293418023
0.06268383197512638 0.025118864315095822
0.0573 0.03134732168079114
0.057092478154037236 0.03162277660168379
0.05193226324346441 0.039810717055349776
0.0489 0.04693760044119466
0.04743985808720255 0.050118723362727255
0.04292318443813545 0.06309573444801943
0.0417 0.06782935415451613
0.03867034646427991 0.07943282347242822
0.0356 0.09565891035046196
0.034902340646294654 0.1
