0.001 0.012583680388004255
0.0013 0.010856094649170681
0.0014276735611745857 0.01
0.0018 0.008016553916095882
0.0018184992202145834 0.00794328234724282
0.0023376577906802677 0.006309573444801942
0.0025 0.005903704243148078
0.0028501708457152122 0.005011872336272725
0.0033 0.004101366352042924
0.003464455839755131 0.003981071705534978
0.0048 0.003204806110819532
0.004866529349108917 0.0031622776601683794
0.0057 0.002738611390737629
0.006053659663989056 0.002511886431509582
0.006699999999999999 0.0021824022448848606
0.0078 0.0022413989448133755
0.008569428632972068 0.001995262314968879
0.0092 0.0018347817453327675
0.009999999999999998 0.0016551422025541948
0.011132463060394324 0.0015848931924611143
0.0117 0.0015569069991182084
0.0137 0.001442478099751262
0.015381138994137643 0.0012589254117941688
0.0161 0.0011962637147240375
0.0188 0.00109045177905992
0.020243712889995262 0.001
0.0221 0.000906869001568548
0.0254 0.0008321074097780876
0.02684148893196893 0.0007943282347242822
0.0303 0.0007219117081982227
0.0356 0.0006341482030550749
0.03584593584885344 0.0006309573444801936
0.0417 0.0005689234934507869
0.0489 0.0005134896906259825
0.05021507372193559 0.0005011872336272725
0.0573 0.000447827228382883
0.0672 0.00041172861540467604
0.07075021669907082 0.00039810717055349735
0.0788 0.0003735290752181245
0.0923 0.0003557187161345152
0.1 0.00034678499625001244
0.10849999999999999 0.00033485898646719086
0.1179 0.0003358508908345582
0.128 0.00032994683302021207
0.139 0.0003481645896571592
0.151 0.00036467992548800516
0.163 0.00039766834447222397
0.16309423739268303 0.00039810717055349735
0.17355281072498696 0.0005011872336272725
0.1764135653225894 0.0006309573444801936
0.1748313610963586 0.0007943282347242822
0.17091305857021327 0.001
0.1658013184035581 0.0012589254117941688
0.163 0.0014030312176790472
0.1589615245401284 0.0015848931924611143
0.151 0.0019801013644675214
0.15071102992827443 0.001995262314968879
0.14131556398026762 0.002511886431509582
0.139 0.002659849785692363
0.13317939769961387 0.003162277660168379
0.128 0.0036909460259360646
0.12454756211480764 0.003981071705534978
0.1179 0.004602483006571323
0.11489290754298853 0.005011872336272725
0.1085 0.006006731536811634
0.10676615303910725 0.006309573444801942
0.1 0.00771381128394479
0.09882501155548075 0.00794328234724282
0.0923 0.009338206265203004
0.09000405770307321 0.01
0.08269279155977373 0.012589254117941685
0.0788 0.014508080229275784
0.07585637484399053 0.01584893192461114
0.06908705428693579 0.01995262314968883
0.0672 0.021481488375761873
0.06273707704397406 0.025118864315095822
0.0573 0.03141709539981843
0.057144036772184714 0.03162277660168379
0.05196256788938715 0.039810717055349776
0.0489 0.046963733737094615
0.04744957011347789 0.05011872336272724
0.04290199148825263 0.06309573444801943
0.0417 0.06775380039719432
0.03865924445799185 0.07943282347242822
0.0356 0.09552980524267686
0.03488071736119538 0.1
