0.001 0.010470303805957048
0.001046571806495349 0.01
0.0013 0.007966995541057965
0.0013057555596230426 0.00794328234724282
0.0018 0.006325645599281385
0.0018038675319907366 0.006309573444801942
0.002196947852345387 0.005011872336272725
0.0025 0.004217022698073239
0.0026680997521111288 0.003981071705534978
0.0033 0.003276267440313862
0.0034170338073255414 0.0031622776601683794
0.004256963710097963 0.002511886431509582
0.0048 0.0021776039315549982
0.0057 0.0024501207722441003
0.0067 0.0021840295416441875
0.007471516851566928 0.001995262314968879
0.0078 0.0019313996995066103
0.0092 0.001723589929477379
0.01 0.001772172897449107
0.010705511617929875 0.001584893192461114
0.0117 0.0013746130786330996
0.013248401210645067 0.0012589254117941688
0.0137 0.00123219981724493
0.014288896143420361 0.0012589254117941688
0.0161 0.0013636247004837456
0.0188 0.0013280025947177256
0.01925605621789147 0.0012589254117941688
0.02133226725122187 0.001
0.0221 0.0009220048324110519
0.0254 0.0009882489163016471
0.0303 0.0008272842777074671
0.030892018350555918 0.0007943282347242822
0.034467483028647265 0.0006309573444801936
0.0356 0.0005888745617832773
0.04067177240856123 0.0006309573444801936
0.0417 0.0006424139180143348
0.04274576908794378 0.0006309573444801936
0.0489 0.000580621923387467
0.055186106043791094 0.0005011872336272725
0.057300000000000004 0.00047940512424533204
0.0672 0.0004465003912004546
0.07446790232089898 0.0003981071705534973
0.0788 0.00037325331685889767
0.0923 0.0003648484185797353
0.1 0.0003599068726291378
0.1085 0.00035002573129987657
0.1179 0.00034792249881373486
0.128 0.0003508170008923746
0.139 0.0003758083238722686
0.151 0.00037604111776433423
0.1539625637067606 0.0003981071705534974
0.16022797793244392 0.0005011872336272725
0.16212049664959385 0.0006309573444801936
0.16124303797148495 0.0007943282347242821
0.15843927191018783 0.001
0.15425990522021682 0.0012589254117941688
0.151 0.001455207228856041
0.1474044237285656 0.001584893192461114
0.139 0.0019346258993159352
0.138067947348168 0.001995262314968879
0.13041384878667678 0.002511886431509582
0.128 0.0026912762168599517
0.12227591539617891 0.0031622776601683794
0.1179 0.0035973511834398227
0.11440579867841319 0.003981071705534978
0.1085 0.0047274904072321
0.1064287096102207 0.005011872336272725
0.1 0.006048330848783942
0.09831367823762487 0.006309573444801942
0.0923 0.0073476910627203506
0.08949696548134498 0.00794328234724282
0.08181065543774432 0.01
0.0788 0.01107204305607282
0.07513084889863024 0.012589254117941687
0.06920551333655027 0.01584893192461114
0.0672 0.017245337892483507
0.0631250386724893 0.01995262314968883
0.05743481862237322 0.025118864315095822
0.0573 0.025262783736193745
0.052937757229117935 0.03162277660168379
0.04919872937853697 0.039810717055349776
0.0489 0.040619902048326384
0.04435916395118426 0.050118723362727255
0.0417 0.05799216458520852
0.040085820366645736 0.06309573444801943
0.03616507215496449 0.07943282347242822
0.0356 0.08245880228741947
0.03279608182901364 0.1
