0.001 0.019694806687433095
0.0013 0.016191208756265046
0.0013195116158297537 0.01584893192461114
0.0015533981440198695 0.012589254117941689
0.0017872202260564188 0.01
0.0018 0.009887587520317768
0.0025000000000000005 0.008026513614182624
0.0025266278664502276 0.00794328234724282
0.00318426056019571 0.006309573444801942
0.0033 0.006081090964264907
0.0041553935752724844 0.005011872336272725
0.0048 0.0043710545744857845
0.0057 0.004148342089799847
0.005895673779039352 0.003981071705534978
0.006700000000000001 0.0034322009280200404
0.0077389663142139525 0.0031622776601683794
0.0078 0.00314971418698078
0.0092 0.002601213365743171
0.009469874201385994 0.002511886431509582
0.01 0.002371771239396109
0.0117 0.0021496593583066603
0.012819515648427898 0.001995262314968879
0.0137 0.0018994315675023373
0.0161 0.0016584862460013894
0.017456957918140628 0.0015848931924611143
0.0188 0.0015269878605872554
0.02143300330832754 0.0012589254117941688
0.0221 0.0012038340551675025
0.0254 0.001180345512591328
0.0303 0.0010422497868275526
0.03141343937304931 0.001
0.0356 0.000872124772230673
0.0417 0.0008423961019536622
0.04546920062193359 0.0007943282347242822
0.0489 0.0007600901470174827
0.0573 0.0006365863824548101
0.05879214472349635 0.0006309573444801936
0.0672 0.0006059968620540058
0.07880000000000001 0.0005916681954820322
0.0923 0.0005687639559365789
0.1 0.0005640315158058431
0.1085 0.0005794578642667865
0.1179 0.0006115118754565093
0.12103084221166158 0.0006309573444801936
0.128 0.0007149592199604604
0.13191842002428944 0.0007943282347242822
0.13420407569194803 0.001
0.13273672184136526 0.0012589254117941688
0.12917399866956747 0.001584893192461114
0.128 0.001672587010020986
0.12347997127406217 0.001995262314968879
0.1179 0.0024234897538175718
0.11703313001018482 0.002511886431509582
0.11101087815207117 0.0031622776601683794
0.1085 0.0034765994857213645
0.1043364510768 0.003981071705534978
0.1 0.004586805190218524
0.0969985208712675 0.005011872336272725
0.0923 0.005741987141381739
0.08976351421711905 0.006309573444801942
0.08376597669007838 0.00794328234724282
0.0788 0.009800583420514153
0.07820573414976682 0.01
0.07156964662666683 0.012589254117941689
0.0672 0.014892306931765482
0.06558547430204498 0.01584893192461114
0.06003877435629247 0.01995262314968883
0.0573 0.022672668669140014
0.055019904622214136 0.025118864315095822
0.050457111289128914 0.03162277660168379
0.0489 0.03458824578463471
0.04602391701400402 0.039810717055349776
0.04184446961597364 0.05011872336272725
0.0417 0.050551060655704694
0.03779809603001741 0.06309573444801943
0.0356 0.07268129189320147
0.03427176475149805 0.07943282347242822
0.03123465884700807 0.1
