0.001 0.03928903971236263
0.0012747290022332152 0.03162277660168379
0.0013 0.031062629644081647
0.0016273455654485605 0.025118864315095822
0.0018 0.022628665643755846
0.002040438953211323 0.01995262314968883
0.0025 0.015889740962046657
0.0025062113346148523 0.01584893192461114
0.0031308083092253264 0.012589254117941687
0.0033 0.01188786862494301
0.004009069982459217 0.01
0.0048 0.008327252150515852
0.005020271560735278 0.00794328234724282
0.0057 0.007002090399887314
0.006280498363478256 0.006309573444801942
0.0067 0.005912044566610207
0.0078 0.005176753607008378
0.008003533799312384 0.005011872336272725
0.0092 0.004241952528465067
0.009980145484129182 0.003981071705534978
0.01 0.003975797967485873
0.0117 0.003477407809838816
0.012578795099352034 0.0031622776601683794
0.0137 0.002842894663784023
0.0161 0.002512062925176664
0.01610103243331577 0.002511886431509582
0.0188 0.002145365206967925
0.019938669176342936 0.001995262314968879
0.0221 0.0017689139058113036
0.024903412029868677 0.001584893192461114
0.0254 0.0015589998602969224
0.0303 0.0013406623032363293
0.03196768665895256 0.0012589254117941688
0.0356 0.0011174561049373563
0.0402577789240493 0.001
0.0417 0.000971103330750949
0.0489 0.0008389582332827413
0.05134878004434055 0.0007943282347242823
0.0573 0.0007080847338953365
0.06507796032297099 0.0006309573444801936
0.06719999999999998 0.0006142272488660746
0.0788 0.0005322943305557952
0.08374664408967541 0.0005011872336272725
0.0923 0.0004583304098058887
0.1 0.0004303193930526582
0.10692097624564863 0.00039810717055349735
0.10850000000000001 0.0003922786711131405
0.1179 0.00036801574619487175
0.128 0.00034612805472535236
0.139 0.0003232237231735886
0.14161036598215024 0.00031622776601683794
0.151 0.00029632822588321605
0.16300000000000003 0.00028557309034430545
0.178 0.0002563762707977688
0.19 0.0002608559436268348
0.1931 0.00025586220455631393
0.19640000000000002 0.00026239764139456413
0.1997 0.0002631856808642315
0.2031 0.00027516581830600625
0.2065 0.00028334141210123177
0.20999999999999996 0.0002930369837814564
0.21012915711667374 0.00031622776601683794
0.21036978308689372 0.00039810717055349735
0.2104329696247275 0.0005011872336272725
0.21024238579403207 0.0006309573444801936
0.20999999999999996 0.0007050670623246463
0.20797001892493872 0.0007943282347242822
0.2065 0.000852288612971592
0.2031 0.000988327286983137
0.2028498555237817 0.001
0.1997 0.001130513658564656
0.1964 0.0012411113374069048
0.19594042702805184 0.0012589254117941688
0.1931 0.0013580995471987383
0.19 0.0014487428079694256
0.18612318219253643 0.001584893192461114
0.178 0.0019162632417573729
0.17598781256909019 0.001995262314968879
0.16524975956945898 0.002511886431509582
0.163 0.002647645840299826
0.15298682738955582 0.0031622776601683794
0.15099999999999997 0.003278910715966015
0.1407086721168776 0.003981071705534978
0.139 0.004121260826220837
0.13023285438262136 0.005011872336272725
0.128 0.005285247522242294
0.1184553084511492 0.006309573444801942
0.1179 0.0063758723737750884
0.1085 0.007921958764650726
0.10838987717125674 0.00794328234724282
0.1 0.009880330142897065
0.09944096823658702 0.01
0.0923 0.011690958597216791
0.08946756944799732 0.012589254117941687
0.08157512310064843 0.01584893192461114
0.0788 0.017406274750391373
0.073939983046186 0.01995262314968883
0.06728011475209213 0.025118864315095822
0.0672 0.025195237996526076
0.060329716151223386 0.03162277660168379
0.0573 0.035722991490032906
0.05460287334234985 0.039810717055349776
0.049711870040803116 0.050118723362727255
0.0489 0.05234238687288315
0.04471328270137263 0.06309573444801941
0.0417 0.07440576314068999
0.040336274634176585 0.07943282347242822
0.036122440602617885 0.1
