0.001 0.0017486583699781563
0.0011573747352477642 0.001584893192461114
0.0013 0.0014670014221520376
0.0016436221148047737 0.0012589254117941688
0.0018 0.0011837082010675314
0.0021167086602582787 0.001
0.0025 0.0008233959324425411
0.002582126944349637 0.0007943282347242822
0.0031632163117553025 0.0006309573444801936
0.0033 0.00060041021630164
0.004225433057549206 0.0005011872336272725
0.0048 0.0004522526218979228
0.005512805910852003 0.00039810717055349735
0.0057 0.00038681214953366203
0.006642317524046998 0.00031622776601683794
0.0067 0.0003127956416925583
0.0078 0.00030133698001510653
0.0092 0.00025451414258959466
0.009280659652664142 0.0002511886431509582
0.01 0.00022763085110954654
0.0117 0.00021822165361681014
0.01278426650297259 0.0001995262314968881
0.0137 0.00018698360227357275
0.0161 0.0001660689552020873
0.016922186631771453 0.00015848931924611142
0.0188 0.00014473735967479893
0.021578861325867314 0.00012589254117941674
0.0221 0.00012308476085016312
0.0254 0.00011206040002755417
0.02868718069408484 0.00010000000000000002
0.030299999999999997 9.529856250353212e-05
0.0356 8.255927808217702e-05
0.03742674353372702 7.943282347242822e-05
0.0417 7.362212652653295e-05
0.0489 6.556806289278583e-05
0.0509405643953785 6.309573444801943e-05
0.0573 5.696640791431654e-05
0.06696132399131777 5.011872336272725e-05
0.0672 4.9984264843754066e-05
0.0788 4.437011593997295e-05
0.0912517709017866 3.9810717055349695e-05
0.09229999999999998 3.9504889698288946e-05
0.10000000000000002 3.846408170480214e-05
0.1085 3.5886294363774826e-05
0.1179 3.396975141089177e-05
0.128 3.179657189708119e-05
0.12915186315528876 3.1622776601683795e-05
0.139 3.0448294879237036e-05
0.151 2.957153012478705e-05
0.163 2.876387431642986e-05
0.178 2.755831322205918e-05
0.19 2.871618286047843e-05
0.1931 2.9123918111682887e-05
0.1964 2.9837462285404963e-05
0.1997 2.9894305659331103e-05
0.2031 3.056174593080289e-05
0.2065 3.1588756068319974e-05
0.20659529592537534 3.162277660168379e-05
0.21 3.330696293474374e-05
0.21034206596462263 3.9810717055349695e-05
0.210726708228813 5.011872336272725e-05
0.211061214364941 6.309573444801943e-05
0.2113427924015258 7.943282347242821e-05
0.21156805708490506 0.0001
0.21173200659562139 0.00012589254117941674
0.21182803478664372 0.00015848931924611142
0.21184955005518247 0.0001995262314968881
0.21179107647341402 0.0002511886431509582
0.21164529186006137 0.00031622776601683794
0.2113984904556224 0.00039810717055349735
0.2110288418215635 0.0005011872336272725
0.2105041307490169 0.0006309573444801937
0.20999999999999996 0.0007443183128493649
0.2086072578479255 0.0007943282347242822
0.20650000000000002 0.000874951847394954
0.20312448301892524 0.001
0.2031 0.0010009380930474483
0.1997 0.0011435606036140041
0.1964 0.0012492546653633128
0.19612729522295852 0.0012589254117941688
0.1931 0.0013650382578812748
0.19 0.0014562255395688252
0.18624767834441386 0.0015848931924611143
0.178 0.0019189972999699041
0.17604411726635358 0.001995262314968879
0.16521035755409838 0.002511886431509582
0.163 0.0026435670771553527
0.15297318272884927 0.0031622776601683794
0.15099999999999997 0.003280007978330458
0.14069243919531468 0.003981071705534978
0.139 0.004118691553940271
0.1302697891998197 0.005011872336272724
0.128 0.00529336231894738
0.11845511319817492 0.006309573444801942
0.1179 0.006375044863282092
0.1085 0.00793818020865198
0.1084735263309757 0.00794328234724282
0.1 0.009893679598709383
0.09950286564539779 0.01
0.0923 0.011700736407347244
0.08949111416377305 0.012589254117941687
0.08158655637208474 0.01584893192461114
0.0788 0.01742588999287055
0.07396177124414566 0.01995262314968883
0.06722829665761522 0.025118864315095822
0.0672 0.0251455057445055
0.060298060574684294 0.03162277660168379
0.0573 0.03570039673286658
0.0546162415762237 0.039810717055349776
0.049739190448326955 0.050118723362727255
0.0489 0.05242429631408167
0.0447271054951506 0.06309573444801941
0.0417 0.07428043874347928
0.04030398388532785 0.07943282347242822
0.03613925745599219 0.1
