0.0005789655263358913 0.00041052919860371363
0.0007815576598455859 0.00041288983315277745
0.0011131115400808329 0.0004129778701269311
0.0014242219061620504 0.0004153391682331754
0.0019225869062108054 0.00041772746118151036
0.0025676772339345184 0.0004201267730812925
0.0038997907342959155 0.000427291753068574
0.00529269120181232 0.00042975016426108895
0.007260485755697261 0.00043948608032144524
0.010340542862641584 0.00045195541403025765
0.013810130719790533 0.0004647605182823831
0.01824728986966999 0.0004805865710611087
0.024897776177605812 0.0005025110354955867
0.03470807145159828 0.0005342689243416503
0.049964553734124284 0.0005840372132947814
0.06531436757171284 0.0006278575877310406
0.08267873698072505 0.0006787110694027881
0.11341825344770623 0.0007628001854206357
0.15392820616462466 0.0008717030558007184
0.21343281793561175 0.0010242119444543072
0.25608076784683304 0.0011257302057293313
0.33835885378351394 0.0013153198841770457
0.47676167618661347 0.0016246545911779943
0.636730697583664 0.001962593551799531
0.882874103697714 0.0024785753019798094
1.166539261320013 0.0030275532369268892
1.4376388367155999 0.003537289600000015
1.7156892381260962 0.004041985267525793
1.9933923465964654 0.004567606366957096
2.4045592660010024 0.005277627518881288
2.79376353903068 0.005963931944864845
3.5938136638046148 0.007284761459711134
4.598270669517409 0.008898085791701267
5.31400252991657 0.010055163326391848