0.0005789655263358919 0.00024905900618186024
0.0007487650242023503 0.00024909762667762623
0.0009080613335674081 0.00025051380850895505
0.0010895093163325643 0.0002519364140279601
0.001314236871860648 0.0002519648995527626
0.0017272185553580616 0.0002520064127976666
0.0021172434450630463 0.0002534407691659797
0.0026373945341556676 0.0002548857595738019
0.003181396515358568 0.0002563340203442204
0.0039842725575373215 0.0002577963393532405
0.005097861312400805 0.0002621657815658102
0.006955849928794205 0.00026514321926986503
0.009190746453887032 0.0002711438621307282
0.012274540285422401 0.0002788260920899769
0.016218318215053193 0.00028672412773997927
0.021200813739471643 0.00029813668202941055
0.028012580157741572 0.0003117317006904444
0.03781476719845268 0.00032959095637580336
0.0483838482319063 0.00035040246361077963
0.061906946496392404 0.00037460243049998405
0.08136039170986335 0.0004094749584022147
0.10354403207957927 0.00044758516820366163
0.14434275728757898 0.0005143420781291863
0.1969505438601121 0.0005976486781793001
0.25471236547256393 0.0006791716357755249
0.31559302751282575 0.0007675210908066858
0.39102522105641313 0.0008721931511266317
0.4949825376331843 0.001013414093278655
0.6470481368969572 0.0012106747989020312
0.7931587014483763 0.0013911379600739188
0.9933249227805007 0.0016344243138755128
1.2846480939091982 0.001974357175021596
1.8493355013135053 0.002592318276462283
2.2427731093946863 0.003045611595312848
2.8238622887959615 0.003658616050338371
3.7311619115848034 0.004569332989034473
4.697883781190819 0.005519588509910541
5.727944964775843 0.006484765864833664
6.9838580619771085 0.007703800894170192
8.560889794231292 0.009050947612300422
9.63188880291217 0.010058769367367966