0.22373626284487708 8.154009957326075
0.22373626284487708 0.001450010801636527
0.23870190639743807 0.001096816005273138
0.25057948853625317 0.0007830918589132091
0.2829238737747281 0.0005699711094326076
0.30430146429235355 0.00043951792184969505
0.36954094571501234 0.00033245979322709383
0.5026089622987292 0.0003199018284775061
0.7533159327044997 0.0003261203700301487
1.2543486816019846 0.0003625471942669997
1.7909174627995246 0.00044376923484029646
3.0553538284870365 0.0007391440699861499
4.807265039357791 0.001627565448026756
5.981380161769862 0.003101978590138094
6.863653650351824 0.004923882631706742
7.625170528321087 0.014196258964747492
7.940068571622996 0.03007882518043099
8.004591835169846 0.10312831606721848
8.069639433173135 8.154009957326075